src/toolscripts/commands/ai/graphifycmd.py
  s_0a901db5084261::t_7beeaf3b53ad8f 112-134
  s_0a901db5084261::t_e595cecfde3451 1250
graphify-out/GRAPH_REPORT.md
  s_61430eff6354f3::t_cc66e132d59bc9 4
  s_61430eff6354f3::t_713bbadb79796f 13
graphify-out/graph.json
  s_61430eff6354f3::t_713bbadb79796f 164,177,189,201,213,225,237,249,261,273,285,298,310,322,334,346,358,370,382,394,406,418,430,442,454,466,497,505,511,513,522,524,533,535,544,546,555,557,566,568,577,579,588,590,599,601,610,612,14937,14948,14959,14970,14981,14992,15069,15080,15091,15102,15113,15124,15135,15146,15179,15190,15212,15223,15256,15267,15278,15289,15300,15311,15382,15418,15430,15442,15454,15478,15490,15502,15514,15526,15550,15562,15574,15586,15609,15621,15633,15645,15657,15680,15691,15702,15714,15726,15737,15740,15749,15761,15773,15785,15797,15809,15821,15833,15845,15856,15859,15868,15881,15891,15894,15903,15914,15917,15926,15937,15940,15949,15960,15963,15972,15983,15986,15995,16007,16019,16030,16033,16042,16054,16066,16079,16091,16103,16114,16127,16139,16151,16162,16174,16185,16188,16198,16208,16211,16220,16232,16244,16257,16269,16281,52652
---
{
  "schema_version": "authorship/3.0.0",
  "git_ai_version": "1.6.21",
  "base_commit_sha": "71cb4996a68cebb1801f0cf45657d12efa11f842",
  "prompts": {},
  "sessions": {
    "s_0a901db5084261": {
      "agent_id": {
        "tool": "opencode",
        "id": "ses_01b7e647bffeEU7uTpd3Q0f9mP",
        "model": "deepseek-v4-flash-free"
      },
      "human_author": "Jie Meng <jmengxy@gmail.com>"
    },
    "s_61430eff6354f3": {
      "agent_id": {
        "tool": "opencode",
        "id": "ses_01b88963cffeg3wsu2jdBOBpGx",
        "model": "deepseek-v4-flash-free"
      },
      "human_author": null
    }
  }
}